1 0.015625 0.2828125 0.03125 0.0515625
1 0.05 0.41796875 0.1 0.0859375
1 0.0828125 0.3296875 0.05859375 0.08203125
1 0.18671875 0.246875 0.05078125 0.03984375
1 0.26328125 0.16953125 0.03125 0.0265625
1 0.34140625 0.39453125 0.07109375 0.0734375
1 0.3609375 0.140625 0.01953125 0.01875
1 0.37578125 0.2265625 0.03515625 0.0515625
1 0.4421875 0.56015625 0.11015625 0.1015625
1 0.39921875 0.20234375 0.0125 0.025
1 0.42109375 0.15625 0.01953125 0.03203125
1 0.45703125 0.1203125 0.02265625 0.01796875
1 0.4859375 0.15625 0.03203125 0.0296875
1 0.50390625 0.2125 0.03515625 0.03203125
1 0.5109375 0.1546875 0.02265625 0.03203125
1 0.559375 0.16875 0.01484375 0.00859375
1 0.58984375 0.25078125 0.0375 0.0515625
1 0.596875 0.12265625 0.01171875 0.01171875
1 0.62578125 0.1828125 0.02265625 0.0265625
1 0.7765625 0.421875 0.07421875 0.06796875
1 0.771875 0.25625 0.0171875 0.01484375
1 0.9265625 0.65546875 0.096875 0.0953125