1 0.025 0.478125 0.05 0.06171875
1 0.05859375 0.58828125 0.1140625 0.13984375
1 0.2640625 0.4734375 0.0453125 0.0546875
1 0.365625 0.521875 0.18359375 0.1921875
1 0.446875 0.43984375 0.0171875 0.0296875
1 0.525 0.41640625 0.01484375 0.028125
1 0.5515625 0.4421875 0.02421875 0.025
1 0.5828125 0.4640625 0.02734375 0.0265625
1 0.57890625 0.41015625 0.0171875 0.028125
1 0.603125 0.40546875 0.01640625 0.0234375
1 0.66640625 0.3921875 0.021875 0.025
1 0.69609375 0.4171875 0.0296875 0.021875
1 0.76015625 0.4125 0.034375 0.04296875
1 0.90234375 0.48046875 0.07734375 0.07890625
1 0.878125 0.3875 0.02734375 0.0296875
1 0.95 0.5375 0.0953125 0.08515625
1 0.971875 0.3796875 0.028125 0.0296875