1 0.04140625 0.6 0.078125 0.05859375
1 0.1125 0.67265625 0.034375 0.04375
1 0.1484375 0.6890625 0.01640625 0.01875
1 0.45234375 0.63125 0.12890625 0.165625
1 0.58828125 0.67734375 0.0234375 0.028125
1 0.6109375 0.6703125 0.02421875 0.0234375
1 0.6578125 0.50546875 0.015625 0.00859375
1 0.7109375 0.51484375 0.01640625 0.01484375
1 0.74296875 0.70625 0.0640625 0.10234375
1 0.7484375 0.53046875 0.0078125 0.01171875
1 0.77265625 0.52578125 0.01171875 0.00703125
1 0.96953125 0.69296875 0.0609375 0.05546875