1 0.384375 0.57265625 0.196875 0.175
1 0.18984375 0.10234375 0.06640625 0.06015625
1 0.3234375 0.096875 0.05390625 0.06953125
1 0.371875 0.10703125 0.065625 0.0640625
1 0.5046875 0.415625 0.11796875 0.09140625
1 0.51875 0.31796875 0.0859375 0.08203125
1 0.55078125 0.0390625 0.0890625 0.078125
1 0.5875 0.32578125 0.06328125 0.05859375
1 0.59453125 0.46171875 0.05 0.09140625
1 0.64765625 0.39140625 0.153125 0.1421875
1 0.65234375 0.06640625 0.0875 0.06953125
1 0.74921875 0.259375 0.1015625 0.0890625
1 0.9515625 0.20625 0.04765625 0.0453125