1 0.0546875 0.7046875 0.109375 0.11171875
1 0.21015625 0.3375 0.1015625 0.08203125
1 0.3328125 0.271875 0.0515625 0.0484375
1 0.41328125 0.7640625 0.18828125 0.30703125
1 0.4015625 0.26015625 0.05390625 0.0484375
1 0.4359375 0.50625 0.1203125 0.109375
1 0.4734375 0.27421875 0.0609375 0.053125
1 0.521875 0.41875 0.10625 0.07578125
1 0.55234375 0.5953125 0.16015625 0.146875
1 0.55859375 0.4078125 0.0671875 0.0796875
1 0.58125 0.259375 0.0609375 0.0546875
1 0.803125 0.93125 0.2421875 0.1328125
1 0.834375 0.56484375 0.15625 0.13046875
1 0.93984375 0.4796875 0.11796875 0.1015625
1 0.9515625 0.4125 0.096875 0.09921875
1 0.9515625 0.84296875 0.09453125 0.16953125
1 0.978125 0.62109375 0.0421875 0.09375