4 0.1 0.8765625 0.1875 0.246875
2 0.36484375 0.87890625 0.23125 0.24140625
4 0.91953125 0.88515625 0.1609375 0.2296875
4 0.234375 0.9109375 0.12578125 0.178125
2 0.14921875 0.11796875 0.14609375 0.20546875
2 0.32890625 0.13671875 0.1421875 0.18203125
4 0.79921875 0.1546875 0.1109375 0.1640625
2 0.43125 0.18203125 0.1546875 0.22109375
4 0.8921875 0.1828125 0.11640625 0.17734375
2 0.59921875 0.30546875 0.13671875 0.20703125
2 0.12109375 0.33515625 0.17109375 0.26953125
2 0.77890625 0.34375 0.171875 0.28359375
4 0.3203125 0.34375 0.14296875 0.2484375
2 0.89453125 0.3875 0.16171875 0.25625
4 0.5046875 0.66015625 0.1734375 0.2546875