1 0.16328125 0.91640625 0.3078125 0.1640625
1 0.31953125 0.465625 0.0453125 0.0734375
1 0.37578125 0.553125 0.0484375 0.0484375
1 0.44453125 0.47421875 0.0375 0.06484375
1 0.5390625 0.5265625 0.084375 0.11328125
1 0.525 0.40234375 0.0484375 0.06015625
1 0.61953125 0.77265625 0.17578125 0.19296875
1 0.69921875 0.4734375 0.05078125 0.08125
1 0.784375 0.45546875 0.0578125 0.09140625
1 0.8390625 0.44921875 0.0375 0.07265625
1 0.925 0.69453125 0.1484375 0.2125
1 0.896875 0.46796875 0.0234375 0.053125
1 0.9625 0.515625 0.071875 0.05625
1 0.9671875 0.45234375 0.053125 0.09140625