2 0.59296875 0.60390625 0.1265625 0.17265625
2 0.7296875 0.61328125 0.11328125 0.14296875
2 0.34296875 0.63125 0.10703125 0.10703125
2 0.81640625 0.7203125 0.1265625 0.16640625
2 0.5734375 0.25859375 0.09296875 0.1015625
2 0.1984375 0.29140625 0.08359375 0.0953125
2 0.86015625 0.33359375 0.09296875 0.0953125
2 0.071875 0.36640625 0.05703125 0.11328125
2 0.75 0.36640625 0.10703125 0.1015625
2 0.53828125 0.371875 0.103125 0.125
2 0.321875 0.39609375 0.08359375 0.11328125
2 0.03671875 0.4046875 0.06015625 0.11875
2 0.43203125 0.44609375 0.11640625 0.1546875
2 0.2703125 0.5296875 0.13359375 0.17890625